#include <cstdio>
#include <vector>
#include <iostream>
using namespace std;


int main()
{
	long long G[172]={0 , 1 , 4 , 9 , 49 , 100 , 144 , 400 , 441 , 900 , 1444 , 
4900 , 9409 , 10000 , 10404 , 11449 , 14400 , 19044 , 40000 , 40401 , 
44100 , 44944 , 90000 , 144400 , 419904 , 490000 , 491401 , 904401 , 
940900 , 994009 , 1000000 , 1004004 , 1014049 , 1040400 , 1100401 , 
1144900 , 1440000 , 1904400 , 1940449 , 4000000 , 4004001 , 4040100 , 
4410000 , 4494400 , 9000000 , 9909904 , 9941409 , 11909401 , 14010049 , 
14040009 , 14440000 , 19909444 , 40411449 , 41990400 , 49000000 , 49014001 , 
49140100 , 49999041 , 90440100 , 94090000 , 94109401 , 99400900 , 99940009 , 
100000000 , 100040004 , 100140049 , 100400400 , 101404900 , 101949409 , 
104040000 , 104919049 , 110040100 , 111049444 , 114041041 , 114490000 , 
144000000 , 190440000 , 194044900 , 400000000 , 400040001 , 400400100 , 
404010000 , 404090404 , 409941009 , 414000409 , 414041104 , 441000000 , 
449440000 , 490091044 , 900000000 , 990990400 , 991494144 , 994140900 , 
1190940100 , 1401004900 , 1404000900 , 1409101444 , 1444000000 , 1449401041 , 
1490114404 , 1990944400 , 4014109449 , 4019940409 , 4041144900 , 4199040000 , 
4900000000 , 4900140001 , 4901400100 , 4914010000 , 4914991449 , 4941949401 , 
4999904100 , 9044010000 , 9409000000 , 9409194001 , 9410940100 , 9900449001 , 
9940090000 , 9994000900 , 9999400009 , 10000000000 , 10000400004 , 10001400049 , 
10004000400 , 10014004900 , 10019409409 , 10040040000 , 10100049001 , 10110101401 , 
10140490000 , 10191104401 , 10194940900 , 10404000000 , 10491904900 , 10910011401 , 
10949111044 , 10994990449 , 11004010000 , 11104944400 , 11191100944 , 11404104100 , 
11449000000 , 14099900049 , 14400000000 , 14910119449 , 19044000000 , 19404490000 , 
19490114449 , 40000000000 , 40000400001 , 40004000100 , 40040010000 , 40401000000 , 
40409040400 , 40994100900 , 41011110144 , 41110401049 , 41400040900 , 41404110400 , 
41409401049 , 44011004944 , 44100000000 , 44944000000 , 49009104400 , 49440411904 , 
90000000000 , 90900441009 , 90901044004 , 94094949001 , 99099040000 , 99149414400 , 99414090000 };

	int t,ans; cin>>t;
	for (int q=1;q<=t;q++)
	{
		long long a,b; cin>>a>>b;
		ans=0;
		for (int i=0;i<172;i++)
		{
			if ((a<=G[i]) and (G[i]<=b)) 
			{
				ans++;
			}
		}
		cout<<ans<<endl;
	}
}
