
#include<bits/stdc++.h>
using namespace std;
#define SIZE  500000001
//short int prefactor[SIZE]={0};

bool primeTest[30005];
int STEP = 250000;
vector<int> primes;


long long SUM[] = {0, 18997748544, 75991039676, 170979629894, 303963552392, 474943398964, 683918138110, 930888538088, 1215854699278, 1538815890648, 1899772752248, 2298725024272, 2735672422966, 3210615549918, 3723554502572, 4274487647780, 4863417247760, 5490342885188, 6155262331706, 6858177940950, 7599090523120, 8377996172354, 9194897944436, 10049796816258, 10942688992032, 11873576437966, 12842461488516, 13849340367298, 14894214600960, 15977086623350, 17097950823908, 18256811903248, 19453669439784, 20688519927500, 21961366464880, 23272211816848, 24621049007046, 26007882257906, 27432712902858, 28895535414968, 30396356427242, 31935173304068, 33511982083474, 35126788648292, 36779593811406, 38470388679394, 40199180163670, 41965970787466, 43770753021916, 45613531761350, 47494308361628, 49413076809524, 51369842534782, 53364605141550, 55397358965940, 57468110132764, 59576858593924, 61723599801940, 63908338220960, 66131074162756, 68391800893730, 70690524548058, 73027248519262, 75401959707390, 77814669449472, 80265380158226, 82754079080856, 85280774940768, 87845472035386, 90448156566062, 93088838559200, 95767521621122, 98484192851424, 101238863205966, 104031529041288, 106862188024850, 109730844638344, 112637498276402, 115582142567164, 118564785633816, 121585426956250, 124644054018962, 127740682687344, 130875312556628, 134047928641502, 137258541205664, 140507159055200, 143793762739444, 147118359360952, 150480960535210, 153881550203406, 157320137578766, 160796724370188, 164311299107864, 167863874177336, 171454446051566, 175083008478256, 178749568780526, 182454128337474, 186196675224284, 189977223522692, 193795768938446, 197652301539372, 201546831897538, 205479367164130, 209449887410932, 213458406112328, 217504926723862, 221589432564298, 225711936951194, 229872441686478, 234070936397980, 238307427454940, 242581921934882, 246894398765800, 251244876252526, 255633352242454, 260059821031802, 264524284571510, 269026746810178, 273567199982852, 278145648852422, 282762102694172, 287416538435612, 292108975462196, 296839414639712, 301607837860614, 306414259822864, 311258688336296, 316141097391062, 321061501885110, 326019915922598, 331016310265712, 336050705646710, 341123103832218, 346233487440832, 351381868599724, 356568252200668, 361792619052976, 367054991052360, 372355358628550, 377693713791000, 383070066320198, 388484425587864, 393936765194384, 399427108637364, 404955453485882, 410521773955662, 416126103374264, 421768438052556, 427448749270606, 433167059422728, 438923378911416, 444717679311186, 450549975801150, 456420279029688, 462328566686496, 468274854040326, 474259136877846, 480281411894278, 486341683267690, 492439959123170, 498576221984164, 504750478573198, 510962744429190, 517212985402686, 523501228504332, 529827480668938, 536191709237630, 542593937050000, 549034178663438, 555512396019378, 562028610257214, 568582831305304, 575175034260270, 581805237932520, 588473447025184, 595179633424818, 601923829040166, 608706017553034, 615526195933200, 622384374175404, 629280553940416, 636214720122400, 643186879925860, 650197048501266, 657245189327656, 664331342371168, 671455498166562, 678617627373124, 685817763581172, 693055908525792, 700332032029114, 707646146551060, 714998277423992, 722388380723266, 729816491317372, 737282604850046, 744786696227434, 752328792375662, 759908890586254, 767526972667664, 775183048659990, 782877136202662, 790609202640734, 798379273242566, 806187345338420, 814033388518682, 821917444606008, 829839506144784, 837799543506360, 845797581205378, 853833628865166, 861907656172120, 870019679542774, 878169711233434, 886357724433932, 894583734232130, 902847753700402, 911149752100984, 919489746175918, 927867748269320, 936283737638862, 944737719748100, 953229707691580, 961759677639016, 970327652746066, 978933633820032, 987577580511758, 996259536985098, 1004979511227856, 1013737446937182, 1022533385629478, 1031367345333202, 1040239271741894, 1049149197901612, 1058097133099882, 1067083048989704, 1076106968299710, 1085168892945118, 1094268793365478, 1103406697364606, 1112582605193860, 1121796490074834, 1131048379304932, 1140338273289606, 1149666143445724, 1159032028845030, 1168435908880812, 1177877768386114, 1187357623694938, 1196875497906872, 1206431342256494, 1216025185392640, 1225657045133622, 1235326880629200, 1245034710807200, 1254780549026460, 1264564373648418, 1274386187760798, 1284246021688918, 1294143822197156, 1304079632576914, 1314053444709334, 1324065230504892, 1334115030061304, 1344202828462158, 1354328611951238, 1364492389540132, 1374694179859934, 1384933933425244, 1395211702298980, 1405527478299126, 1415881224253482, 1426272983646008, 1436702741207606, 1447170480122746, 1457676209728370, 1468219960212184, 1478801680110156, 1489421404255044, 1500079144032854, 1510774855674660, 1521508562519520, 1532280279278974, 1543089973994122, 1553937668022502, 1564823377211744, 1575747058589200, 1586708739026736, 1597708432285332, 1608746097019986, 1619821767804292, 1630935451385660, 1642087100908320, 1653276757765768, 1664504428874940, 1675770068101904, 1687073703803382, 1698415360059864, 1709794986749582, 1721212607193864, 1732668256303532, 1744161861456922, 1755693485141188, 1767263102331906, 1778870699853074, 1790516306765392, 1802199915302358, 1813921495699678, 1825681087914572, 1837478685980526, 1849314238052800, 1861187827015428, 1873099415643848, 1885048970560404, 1897036524956830, 1909062105603226, 1921125649066482, 1933227185663860, 1945366746303324, 1957544279275886, 1969759806231534, 1982013351201260, 1994304865196840, 2006634395448970, 2019001925560540, 2031407416662124, 2043850922400814, 2056332444028932, 2068851923377968, 2081409422689526, 2094004928590880, 2106638397575068, 2119309878303914, 2132019374578310, 2144766824579872, 2157552286372458, 2170375765618314, 2183237218801120, 2196136660008738, 2209074126376316, 2222049556573040, 2235062996621772, 2248114446670662, 2261203857708060, 2274331293120364, 2287496717657506, 2300700127673968, 2313941541646524, 2327220961027956, 2340538346947088, 2353893756290736, 2367287156205704, 2380718530397570, 2394187910415764, 2407695311831806, 2421240673461838, 2434824043265402, 2448445431670288, 2462104777554830, 2475802123340992, 2489537501785926, 2503310831265524, 2517122165875848, 2530971529171606, 2544858857881740, 2558784185016636, 2572747517889018, 2586748826242286, 2600788143674388, 2614865470702618, 2628980764010476, 2643134071786166, 2657325381760358, 2671554660730422, 2685821938288652, 2700127250596074, 2714470508957050, 2728851782308898, 2743271076053516, 2757728333552752, 2772223578642184, 2786756856998068, 2801328097704366, 2815937339500850, 2830584601149580, 2845269832767690, 2859993061032894, 2874754299912024, 2889553521469136, 2904390739866586, 2919265975354438, 2934179163865358, 2949130374431252, 2964119600686306, 2979146768735790, 2994211953757912, 3009315173368176, 3024456344557822, 3039635516365908, 3054852722215862, 3070107872711046, 3085401030049356, 3100732212743922, 3116101347433568, 3131508499620632, 3146953656979718, 3162436795720562, 3177957939991616, 3193517086606572, 3209114190057192, 3224749330579380, 3240422460036202, 3256133565258946, 3271882666719232, 3287669799258236, 3303494881045770, 3319357976328620, 3335259093497056, 3351198159796470, 3367175242795448, 3383190346355520, 3399243402826064, 3415334465390226, 3431463557379460, 3447630601002318, 3463835651345548, 3480078729943116, 3496359759685712, 3512678799975284, 3529035849786594, 3545430878556176, 3561863895434354, 3578334939341394, 3594843946243246, 3611390965239786, 3627975992084416, 3644598976386860, 3661259975800638, 3677958998266306, 3694695965803546, 3711470952974180, 3728283969557994, 3745134925654618, 3762023896636736, 3778950873618798, 3795915842313408, 3812918796121906, 3829959773188528, 3847038707258868, 3864155658549292, 3881310604481896, 3898503538798084, 3915734463908692, 3933003403945440, 3950310325096274, 3967655242427954, 3985038183685816, 4002459056763216, 4019917963332014, 4037414905053864, 4054949768492390, 4072522657638794, 4090133575893890, 4107782449259544, 4125469309279718, 4143194207575322, 4160957071590732, 4178757934667060, 4196596805248814, 4214473643358866, 4232388504042672, 4250341358552850, 4268332195024664, 4286361020042328, 4304427870182196, 4322532695840894, 4340675519578434, 4358856354596388, 4377075140770752, 4395331953434306, 4413626794648594, 4431959560449226, 4450330349820788, 4468739173291758, 4487185957498192, 4505670721722100, 4524193521694796, 4542754282990546, 4561353058979678, 4579989837460330, 4598664572608658, 4617377324909590, 4636128101314198, 4654916835953818, 4673743573087984, 4692608329243434, 4711511036745838, 4730451766514992, 4749430524706280, 4768447205345044, 4787501930264570, 4806594670061776, 4825725352617432, 4844894054169124, 4864100776918220, 4883345446308700, 4902628126055936, 4921948828662588, 4941307484422136, 4960704158499366, 4980138851614140, 4999611507507068, 5019122157011708, 5038670828708676, 5058257472850824, 5077882104299712, 5097544764151650, 5117245390904354, 5136984027627738, 5156760675215276, 5176575266241368, 5196427896485546, 5216318542369804, 5236247121337698, 5256213718443718, 5276218361056442, 5296260933082536, 5316341514265720, 5336460120177992, 5356616693467070, 5376811254787076, 5397043858913218, 5417314412017144, 5437622983548432, 5457969556881732, 5478354085819812, 5498776644014374, 5519237208490312, 5539735728114238, 5560272268088466, 5580846831742572, 5601459325892332, 5622109849018324, 5642798394448356, 5663524890731290, 5684289399736642, 5705091931256394, 5725932412471432, 5746810888283380, 5767727410925610, 5788681881876616, 5809674358748106, 5830704859123166, 5851773330367616, 5872879794419554, 5894024269598310, 5915206702429870, 5936427160655412, 5957685636873844, 5978982064354098, 6000316499177440, 6021688969359172, 6043099372659518, 6064547790171106, 6086034249106596, 6107558636819362, 6129121055901842, 6150721495135738, 6172359879346576, 6194036268820418, 6215750686079648, 6237503069536208, 6259293441752828, 6281121858268348, 6302988194111826, 6324892584063240, 6346834967214368, 6368815321954566, 6390833672745756, 6412890063674322, 6434984385539178, 6457116728037114, 6479287093845726, 6501495398942416, 6523741731488404, 6546026099355472, 6568348393976372, 6590708694928280, 6613107065384268, 6635543336906356, 6658017625654696, 6680529967236306, 6703080239877826, 6725668512660210, 6748294839590542, 6770959098726028, 6793661364483878, 6816401663350766, 6839179912667946, 6861996183128474, 6884850442549792, 6907742687599966, 6930672949825042, 6953641220464676, 6976647428550504, 6999691663010552, 7022773924802316, 7045894118498722, 7069052343009488, 7092248591240036, 7115482795513144, 7138754982142272, 7162065216158274, 7185413390345016, 7208799575884422, 7232223802873904, 7255685976378106, 7279186157160776, 7302724341811564, 7326300512924730, 7349914677764786, 7373566854087430, 7397256996720836, 7420985154196922, 7444751332517412, 7468555436698290, 7492397572954868, 7516277763185478, 7540195857558208, 7564151973426730, 7588146138642132, 7612178233550428, 7636248338776038, 7660356464888114, 7684502542826510, 7708686650574552, 7732908781618640, 7757168839120792, 7781466929160264, 7805803019854722, 7830177077983034, 7854589160255364, 7879039236554748, 7903527293357030, 7928053348768862, 7952617438925314, 7977219452286326, 8001859479879002, 8026537560267062, 8051253577352332, 8076007595478862, 8100799648476984, 8125629654854846, 8150497663156722, 8175403722485652, 8200347696426060, 8225329692031140, 8250349738454024, 8275407692106378, 8300503689808062, 8325637684585200, 8350809644287470, 8376019630377622, 8401267616520210, 8426553565410904, 8451877533892870, 8477239531713296, 8502639433905160, 8528077385680018, 8553553367446224, 8579067293182588, 8604619203960736, 8630209185431814, 8655837090022066, 8681502998626090, 8707206949393724, 8732948839477036, 8758728730704654, 8784546668733360, 8810402546405302, 8836296435268316, 8862228340275450, 8888198210654644, 8914206091670440, 8940251980846832, 8966335842545828, 8992457705312720, 9018617602356874, 9044815426581366, 9071051280751104, 9097325165000844, 9123636975435454, 9149986808291602, 9176374700833034, 9202800501669904, 9229264306153980, 9255766176430222, 9282305955580018, 9308883773175082, 9335499599496056, 9362153378924492, 9388845188287728, 9415574998152016, 9442342753192048, 9469148544206056, 9495992367884512, 9522874096992076, 9549793882393694, 9576751684986514, 9603747418771746, 9630781155478722, 9657852959380150, 9684962670554378, 9712110394151176, 9739296204217096, 9766519900490440, 9793781623439606, 9821081359468556, 9848419081134218, 9875794775960664, 9903208526441664, 9930660215336982, 9958149923448818, 9985677647580972, 10013243310432272, 10040846980584456, 10068488708542018, 10096168361132066, 10123886032637784, 10151641736705844, 10179435370826866, 10207267041569184, 10235136745768256, 10263044349024614, 10290989996326370, 10318973689463256, 10346995296844490, 10375054908237044, 10403152579078704, 10431288170123830, 10459461805060194, 10487673450523630, 10515923038105928, 10544210643048596, 10572536262471224, 10600899829515636, 10629301421452076, 10657741041905988, 10686218611776608, 10714734199161018, 10743287798155020, 10771879332840204, 10800508894503996, 10829176519893992, 10857882016857202, 10886625585711324, 10915407164777398, 10944226686158132, 10973084194806056, 11001979784096660, 11030913289971622, 11059884799935304, 11088894358424570, 11117941844963056, 11147027366255338, 11176150884055842, 11205312363126562, 11234511867921260, 11263749377307272, 11293024839074004, 11322338326156510, 11351689851080342, 11381079266526464, 11410506755679244, 11439972266074976, 11469475699167200, 11499017140346260, 11528596623667008, 11558214066239472, 11587869477102302, 11617562947988076, 11647294371615062, 11677063777657878, 11706871245144524, 11736716646856400, 11766600060811800, 11796521489263812, 11826480878997442, 11856478277797060, 11886513718552254, 11916587075743046, 11946698455457834, 11976847899864466, 12007035220033130, 12037260592920190, 12067524004572938, 12097825338923656, 12128164699849908, 12158542105155826, 12188957430850600, 12219410761775910, 12249902138297834, 12280431449270666, 12310998758190468, 12341604136671696, 12372247425970624, 12402928772421054, 12433648110912400, 12464405396557210, 12495200691127132, 12526034038192140, 12556905298925612, 12587814576452488, 12618761918378138, 12649747148949844, 12680770431161512, 12711831745023448, 12742930992742070, 12774068243982824, 12805243551913982, 12836456772990900, 12867708008511434, 12898997309554580, 12930324524165276, 12961689741700116, 12993093037022856, 13024534238568836, 13056013448327334, 13087530682921484, 13119085885546926, 13150679093052920, 13182310330821512, 13213979497675960, 13245686706529758, 13277431927952352, 13309215060271062, 13341036255238960, 13372895488913438, 13404792607471834, 13436727778171654, 13468701000510056, 13500712137123254, 13532761258289164, 13564848450732556, 13596973585696176, 13629136708050364, 13661337883038648, 13693576994356798, 13725854137298886, 13758169272697100, 13790522366123254, 13822913466090714, 13855342627859098, 13887809691140864, 13920314810963894, 13952857937355930, 13985438978378414, 14018058076465058, 14050715207519982, 14083410246071802, 14116143304945822, 14148914438268976, 14181723470728788, 14214570523861108, 14247455609193246, 14280378647034500, 14313339675958948, 14346338750687050, 14379375750380330, 14412450794215402, 14445563847586668, 14478714831442210, 14511903853110522, 14545130890571860, 14578395901643862, 14611698907515146, 14645039948127188, 14678418889986304, 14711835875528810, 14745290922887770, 14778783859610668, 14812314825694892, 14845883854819846, 14879490816264392, 14913135745604024, 14946818760176310, 14980539663466996, 15014298608160256, 15048095610390992, 15081930517622516, 15115803435435912, 15149714423664996, 15183663323656730, 15217650234662042, 15251675174715528, 15285738072957864, 15319838993471708, 15353977927392508, 15388154766146998, 15422369661694056, 15456622624115860, 15490913472684838, 15525242348720700, 15559609279122072, 15594014120123674, 15628456970656544, 15662937864053696, 15697456717240728, 15732013558499606, 15766608458587268, 15801241267117872, 15835912108939116, 15870620960142644, 15905367770975566, 15940152603148650, 15974975436799226, 16009836246814624, 16044735071486174, 16079671917521634, 16114646653936860, 16149659457440884, 16184710332346346, 16219799060935074, 16254925841654624, 16290090699569348, 16325293438443360, 16360534187298610, 16395813001509716, 16431129731967758, 16466484484121064, 16501877301286594, 16537307996510604, 16572776757591980, 16608283504371358, 16643828216642928, 16679410965059686, 16715031717173144, 16750690394583810, 16786387115654940, 16822121894931236, 16857894556077360, 16893705232277092, 16929554010446150, 16965440666502644, 17001365332274642, 17037328077817180, 17073328731810294, 17109367375069138, 17145444107209500, 17181558757870834, 17217711399330038, 17253902108099908, 17290130724457876, 17326397389472410, 17362702049041204, 17399044651056430, 17435425298678846, 17471843953615996, 17508300575630338, 17544795186878264, 17581327854796194, 17617898408740366, 17654507042076122, 17691153682661734, 17727838218903750, 17764560827565504, 17801321468726946, 17838120021442802, 17874956591088812, 17911831219521260, 17948743745336494, 17985694315661946, 18022682908860766, 18059709443746362, 18096773991680806, 18133876562720694, 18171017102887894, 18208195622153032, 18245412213646718, 18282666710543932, 18319959238162182, 18357289807170268, 18394658283217606, 18432064774692656, 18469509350696420, 18506991809112728, 18544512289182500, 18582070878061662, 18619667315413262, 18657301768838956, 18694974296749036, 18732684751136670, 18770433199922034, 18808219729926730, 18846044164228762, 18883906629318382, 18921807100631878, 18959745528625718, 18997721966271610, 19035736430138646, 19073788827159544, 19111879263859264, 19150007744264404, 19188174088913552, 19226378526525014, 19264620999723322, 19302901372159640, 19341219757769004, 19379576232896050, 19417970585776610, 19456402957526234, 19494873389033218, 19533381733943024, 19571928102479702, 19610512518733428, 19649134863471952, 19687795212370224, 19726493626578850, 19765229935004634, 19804004277671870, 19842816671631236, 19881666981930822, 19920555295218788, 19959481694550226, 19998445946699876, 20037448250926680, 20076488655197782, 20115566916872580, 20154683230103626, 20193837574858812, 20233029860019766, 20272260131127940, 20311528458984692, 20350834692100200, 20390178990504960, 20429561318381972, 20468981545046254, 20508439819224840, 20547936097858092, 20587470351844782, 20627042585903076, 20666652864451640, 20706301077208908, 20745987319788380, 20785711613910506, 20825473782103130, 20865274011750500, 20905112288094312, 20944988462674312, 20984902656122106, 21024854934448862, 21064845095724966, 21104873276176862, 21144939539349168, 21185043676817418, 21225185850057652, 21265366094235834, 21305584226284020, 21345840386322472, 21386134597452844, 21426466726999892, 21466836895526078, 21507245070413068, 21547691199563668, 21588175342310322, 21628697547631294, 21669257591042056, 21709855737897534, 21750491917780608, 21791165985936100, 21831878099324542, 21872628275471566, 21913416361705000, 21954242439138288, 21995106575760112, 22036008650862234, 22076948708740404, 22117926847235842, 22158942921600312, 22199996982533466, 22241089072708630, 22282219115112542, 22323387173976572, 22364593278007520, 22405837284377916, 22447119329352164, 22488439451181888, 22529797410971126, 22571193439071312, 22612627531451976, 22654099515874944, 22695609542978760, 22737157622953298, 22778743586025088, 22820367565888942, 22862029628430438, 22903729605451650, 22945467581186684, 22987243619771374, 23029057568956756, 23070909543495182, 23112799553410404, 23154727469128962, 23196693449948688, 23238697470421972, 23280739383926396, 23322819320695302, 23364937330704192, 23407093212846650, 23449287142459788, 23491519153491920, 23533789029525120, 23576096977549026, 23618442931156878, 23660826833950452, 23703248700371426, 23745708653750530, 23788206535104340, 23830742410063872, 23873316372231478, 23915928195666254, 23958578103529122, 24001266011776034, 24043991861852370, 24086755713276282, 24129557629856242, 24172397454678036, 24215275315584740, 24258191196089210, 24301145012971204, 24344136885009254, 24387166759424220, 24430234542715262, 24473340360294100, 24516484256866820, 24559666035647404, 24602885815897114, 24646143684396450, 24689439496976642, 24732773271831600, 24776145111196388, 24819554843916582, 24863002646260088, 24906488463468084, 24950012218921258, 24993573973319212, 25037173781779820, 25080811526700304, 25124487290759042, 25168201118314442, 25211952786278152, 25255742537913394, 25299570361981012, 25343436023659458, 25387339735260904, 25431281554757386, 25475261263010320, 25519278916047482, 25563334726266746, 25607428359151302, 25651560082185220, 25695729835444636, 25739937495265060, 25784183198103090, 25828466913260634, 25872788568425202, 25917148241824652, 25961545960974438, 26005981583206922, 26050455271402162, 26094966977228246, 26139516578984038, 26184104217763094, 26228729938847102, 26273393523427708, 26318095119079116, 26362834844451838, 26407612458685288, 26452428037964988, 26497281705672124, 26542173289153898, 26587102899926458, 26632070571834922, 26677076114996584, 26722119718003030, 26767201348541126, 26812320901637808, 26857478464994184, 26902674125336642, 26947907652068440, 26993179216169706, 27038488845282018, 27083836330408590, 27129221890672884, 27174645500257746, 27220106995309810, 27265606525429250, 27311144160607378, 27356719617599158, 27402333132191776, 27447984724082418, 27493674188405074, 27539401692305754, 27585167273898862, 27630970754776068, 27676812247811516, 27722691772442696, 27768609228598656, 27814564720629430, 27860558235817916, 27906589662624220, 27952659151662018, 27998766670500224, 28044912080015052, 28091095541280168, 28137317103723366, 28183576485552216, 28229873908239398, 28276209427797706, 28322582806452596, 28368994218705232, 28415443710344798, 28461931092946740, 28508456487594270, 28555019985853594, 28601621354387008, 28648260779307260, 28694938182339130, 28741653545556832, 28788406952558470, 28835198357323318, 28882027726971546, 28928895082090708, 28975800524091218, 29022743832713084, 29069725193064148, 29116744645303196, 29163801927331778, 29210897268494120, 29258030681239056, 29305201997063478, 29352411271756966, 29399658686127288, 29446943995526758, 29494267296417430, 29541628652741312, 29589027943128148, 29636465270242396, 29683940611280296, 29731453859945308, 29779005143938938, 29826594506462014, 29874221744963364, 29921887015122784, 29969590375488332, 30017331577432410, 30065110807044074, 30112928184531932, 30160783370760108, 30208676627681198, 30256607939476470, 30304577140926504, 30352584371689276, 30400629645408876, 30448712847759040, 30496834081048004, 30544993365220632, 30593190528551918, 30641425775024764, 30689698986148550, 30738010182795588, 30786359344382350, 30834746600609048, 30883171772190430, 30931634933825048, 30980136193401370, 31028675283354798, 31077252468603410, 31125867712561960, 31174520795160892, 31223211953165792, 31271941223325754, 31320708321809166, 31369513432999044, 31418356637111846, 31467237729413824, 31516156845308828, 31565114039816162, 31614109113112326, 31663142218320138, 31712213382921620, 31761322467114628, 31810469571485190, 31859654699195600, 31908877765245044, 31958138862564544, 32007437998879312, 32056775000451378, 32106150084324118, 32155563255109320, 32205014245721148, 32254503309634890, 32304030414998632, 32353595464965948, 32403198469685956, 32452839582570764, 32502518569729516, 32552235610668690, 32601990676592974, 32651783691648574, 32701614701307298, 32751483733208708, 32801390742577696, 32851335746635672, 32901318800336618, 32951339739641826, 33001398759372710, 33051495825787068, 33101630711466410, 33151803699822054, 33202014794449536, 33252263683011384, 33302550617348882, 33352875687156618, 33403238581687654, 33453639537182126, 33504078529953106, 33554555421441208, 33605070347759278, 33655623361945262, 33706214253582460, 33756843174245438, 33807510119991616, 33858215008538132, 33908957931810538, 33959738883966644, 34010557769599628, 34061414648661960, 34112309615873766, 34163242437020352, 34214213301516152, 34265222244358984, 34316269103163356, 34367353937018934, 34418476894745408, 34469637706933200, 34520836556094338, 34572073462003524, 34623348251882878, 34674661081223108, 34726012007326278, 34777400798528330, 34828827616619828, 34880292513045730, 34931795274922840, 34983336071599978, 35034914950358470, 35086531698808372, 35138186547762482, 35189879416987056, 35241610119820460, 35293378907384264, 35345185758822742, 35397030482873380, 35448913244456114, 35500834095135766, 35552792792634610, 35604789568019980, 35656824397275276, 35708897116020886, 35761007823000004, 35813156646971954, 35865343342478232, 35917568061593022, 35969830832152514, 36022131512068154, 36074470269543164, 36126847031946946, 36179261692066026, 36231714407946454, 36284205165440536, 36336733798596992, 36389300478695094, 36441905263194738, 36494547889276644, 36547228565852672, 36599947339238808, 36652703962489298, 36705498557178722, 36758331292359686, 36811201918588862, 36864110580275016, 36917057273948906, 36970041845443604, 37023064521581100, 37076125180845530, 37129223781448426, 37182360396860800, 37235535087002594, 37288747647826376, 37341998292015210, 37395286941025768, 37448613474971276, 37501978059955656, 37555380742423846, 37608821262094258, 37662299821668076, 37715816503541128, 37769371039528660, 37822963554283240, 37876594201111498, 37930262744362988, 37983969256206212, 38037713906977556, 38091496382070114, 38145316935417472, 38199175531377054, 38253071993354814, 38307006546052256, 38360979110291904, 38414989616076256, 38469038103024252, 38523124713957736, 38577249132344530, 38631411649041750, 38685612215347930, 38739850625248864, 38794127125928006, 38848441687690210, 38902794125640744, 38957184551593608, 39011613115597352, 39066079500784706, 39120583985085066, 39175126515325994, 39229706916376284, 39284325383387870, 39338981865333126, 39393676263349972, 39448408676492702, 39503179146829678, 39557987546880818, 39612833971578278, 39667718439196576, 39722640781530416, 39777601194330706, 39832599707396062, 39887636017477942, 39942710381261858, 39997822884787384, 40052973222962888, 40108161523181050, 40163388019147268, 40218652338929246, 40273954674592344, 40329295132364228, 40384673417020432, 40440089786325612, 40495544144134796, 40551036454986256, 40606566792835830, 40662135192730194, 40717741459373236, 40773385818198142, 40829068204431512, 40884788398019296, 40940546724093090, 40996343099028252, 41052177381600226, 41108049652935022, 41163960046932432, 41219908286185142, 41275894526180372, 41331918879580328, 41387981120524386, 41444081365817638, 41500219687746096, 41556395910768220, 41612610190240270, 41668862463410392, 41725152655519262, 41781480911932900, 41837847212904976, 41894251374126842, 41950693620717574, 42007173910942870, 42063692071369334, 42120248274727496, 42176842571838656, 42233474718004134, 42290144929200870, 42346853216345934, 42403599340934074, 42460383484813752, 42517205749671012, 42574065895633718, 42630964045741772, 42687900278545144, 42744874372014344, 42801886562546428, 42858936777299968, 42916024886390498, 42973151013760662, 43030315228936146, 43087517330473210, 43144757426650032, 43202035633615598, 43259351703920656, 43316705783081410, 43374098000910158, 43431528030414276, 43488996158355560, 43546502357998744, 43604046383189266, 43661628438905100, 43719248627422164, 43776906634099410, 43834602685327806, 43892336838664182, 43950108867731302, 44007918968554898, 44065767039083838, 44123653040115882, 44181577106768000, 44239539217335908, 44297539206786088, 44355577239617010, 44413653346151630, 44471767322073752, 44529919350420098, 44588109455405352, 44646337361051820, 44704603382326798, 44762907495771734, 44821249451632476, 44879629365988680, 44938047446687270, 44996503419820196, 45054997375039996, 45113529415845286, 45172099358679106, 45230707345519660, 45289353326517980, 45348037242773286, 45406759183184192, 45465519201994190, 45524317112821270, 45583153066603000, 45642027086221532, 45700938896164594, 45759888827163872, 45818876870283160, 45877902702561082, 45936966601996996, 45996068616202264, 46055208472844782, 46114386347013420, 46173602291078136, 46232856150894870, 46292148042033968, 46351477963561240, 46410845802418402, 46470251672704558, 46529695593468566, 46589177387408252, 46648697281431848, 46708255176266312, 46767851011909230, 46827484845667432, 46887156773297398, 46946866498451102, 47006614336934728, 47066400277027956, 47126224019267110, 47186085839656280, 47245985715356706, 47305923498451018, 47365899275848830, 47425913138518912, 47485964871092030, 47546054663114478, 47606182540418462, 47666348255455512, 47726551991687722, 47786793831549650, 47847073590070084, 47907391331815944, 47967747145205772, 48028140872387658, 48088572644706784, 48149042475662926, 48209550095071474, 48270095847966690, 48330679670437816, 48391301310829894, 48451961026459792, 48512658844002954, 48573394500947380, 48634168193901884, 48694979949332408, 48755829632291522, 48816717267217494, 48877643067887658, 48938606693371046, 48999608377478542, 49060648114166868, 49121725763395960, 49182841417597614, 49243995118135662, 49305186727243858, 49366416375273136, 49427684158837240, 49488989640650694, 49550333318551700, 49611715070879350, 49673134616930796, 49734592208180348, 49796087956129238, 49857621518808394, 49919193091043440, 49980802772252372, 50042450323410152, 50104135930548006, 50165859602027580, 50227621114587034, 50289420746775508, 50351258349824010, 50413133861948582, 50475047435303196, 50536999106243642, 50598988546388140, 50661016152406640, 50723081798582454, 50785185262357846, 50847326786272016, 50909506444531396, 50971723891603330, 51033979390705526, 51096273016638440, 51158604514506240, 51220973972453540, 51283381548135776, 51345827069137114, 51408310536735024, 51470832117959970, 51533391576162332, 51595989056619962, 51658624574896204, 51721298019064884, 51784009474180656, 51846759042015974, 51909546426016338, 51972371905754170, 52035235432847512, 52098136807542674, 52161076278462642, 52224053809119752, 52287069167482210, 52350122614664778, 52413214113514112, 52476343506199516, 52539510889755654, 52602716389171810, 52665959721293566, 52729241146827312, 52792560614876380, 52855917972367418, 52919313361098350, 52982746798435138, 53046218137536516, 53109727478275788, 53173274951343458, 53236860285128412, 53300483663720112, 53364145068272746, 53427844370937682, 53491581729025658, 53555357182165754, 53619170416503412, 53683021698129468, 53746911228091678, 53810838486655376, 53874803744953946, 53938807167288850, 54002848466157992, 54066927701489446, 54131045097246014, 54195200346992922, 54259393672189096, 54323625021127608, 54387894262748384, 54452201540106712, 54516546878950102, 54580930108079938, 54645351382558178, 54709810732466190, 54774307888462936, 54838843176851788, 54903416521199528, 54968027720357206, 55032676930987930, 55097364283382010, 55162089467184944, 55226852636986696, 55291653921301414, 55356493099760874, 55421370291370546, 55486285616958848, 55551238776471518, 55616229969706612, 55681259247683080, 55746326348193844, 55811431544212540, 55876574794644138, 55941755918655428, 56006975092412434, 56072232367557628, 56137527413847224, 56202860582182174, 56268231888927768, 56333640928080678, 56399088085076124, 56464573335595804, 56530096402935580, 56595657514512942, 56661256711993128, 56726893783564230, 56792568893104884, 56858282121027170, 56924033127622386, 56989822289478914, 57055649385113640, 57121514477696660, 57187417557894674, 57253358701421270, 57319337738306138, 57385354830842372, 57451409959915080, 57517502958080704, 57583634017187724, 57649803151231480, 57716010186446806, 57782255233075110, 57848538396772070, 57914859309565316, 57981218336214080, 58047615483333916, 58114050445184926, 58180523436399510, 58247034582628174, 58313583549709448, 58380170559614666, 58446795576583182, 58513458543289898, 58580159565655010, 58646898596035822, 58713675537071006, 58780490516346056, 58847343615948384, 58914234481819910, 58981163445662278, 59048130537320722, 59115135395258214, 59182178356842108, 59249259397148484, 59316378289252514, 59383535180160466, 59450730242199540, 59517963095813540, 59585234003846802, 59652543005166636, 59719889874512028, 59787274811616654, 59854697730407998, 59922158620915404, 59989657565315202, 60057194523066648, 60124769350541240, 60192382218762384, 60260033209637058, 60327721989076342, 60395448835370218, 60463213827699796, 60531016609774668, 60598857456288128, 60666736431284560, 60734653213539270, 60802608037125896, 60870600990710898, 60938631733984702, 61006700583229146, 61074807466809568, 61142952246253398, 61211135099976948, 61279355949096670, 61347614704199542, 61415911495204460, 61484246394528838, 61552619129470224, 61621029902495462, 61689478811221738, 61757965495643702, 61826490226205114, 61895053150391460, 61963653834327136, 62032292565312504, 62100969461626696, 62169684151353358, 62238436846944302, 62307227716910142, 62376056352145738, 62444923091024920, 62513827931684044, 62582770614896386, 62651751339582146, 62720770088284370, 62789826770554008, 62858921429469012, 62928054242546570, 62997224901264998, 63066433622838256, 63135680382317172, 63204964933625918, 63274287663735944, 63343648429362806, 63413047000362432, 63482483681556178, 63551958486868652, 63621471053708988, 63691021682376616, 63760610413509868, 63830236998736648, 63899901665463598, 63969604357619274, 64039344944495666, 64109123561872400, 64178940265658228, 64248794834248470, 64318687416097246, 64388618062148022, 64458586668355686, 64528593250977498, 64598637951650904, 64668720442738320, 64738841033320942, 64808999747237280, 64879196210779098, 64949430755312682, 65019703448774818, 65090013971037844, 65160362459908790, 65230749140709668, 65301173625644034, 65371636175559298, 65442136790229160, 65512675259784928, 65583251809588618, 65653866378690226, 65724518843653788, 65795209381187540, 65865937923430508, 65936704393280220, 66007508929020992, 66078351511337422, 66149231933700230, 66220150380019602, 66291107010372452, 66362101402517786, 66433133840093950, 66504204441549836, 66575312873879044, 66646459306141164, 66717643804715088, 66788866243184730, 66860126652112680, 66931425240775222, 67002761555860102, 67074136030566334, 67145548549633954, 67216998908874434, 67288487301627808, 67360013812188900, 67431578180327316, 67503180555313146, 67574821068157264, 67646499347156884, 67718215772766750, 67789970239373494, 67861762555947992, 67933592952269502, 68005461434144054, 68077367764604226, 68149312074047362, 68221294513414184, 68293314854574510, 68365373153114964, 68437469610319722, 68509603921853204, 68581776249423486, 68653986641815664, 68726234893260656, 68798521218400074, 68870845625982014, 68943207893420896, 69015608201491508, 69088046618628866, 69160522841800314, 69233037104787484, 69305589527865604, 69378179694136918, 69450808027180710, 69523474416372694, 69596178627882650, 69668920831109928, 69741701246381268, 69814519438358940, 69887375646880154, 69960270016923872, 70033202199091386, 70106172472301214, 70179180752733814, 70252226917870174, 70325311166300562, 70398433458819680, 70471593611719006, 70544791839419348, 70618028112195042, 70691302227095982, 70764614495616718, 70837964803352916, 70911352913142586, 70984779082216484, 71058243360106250, 71131745516483502, 71205285579123556, 71278863884384496, 71352479994306980, 71426134179802488, 71499826413442002, 71573556469853432, 71647324637060750, 71721130855658232, 71794974905852128, 71868857043121846, 71942777284127078, 72016735354697938, 72090731487772928, 72164765706135110, 72238837692952638, 72312947812683006, 72387095992423560, 72461282031076360, 72535506114211666, 72609768314899838, 72684068337711100, 72758406397814106, 72832782567520134, 72907196586163984, 72981648618379532, 73056138779306338, 73130666763361956, 73205232841342194, 73279836972075288, 73354478945885734, 73429158971841010, 73503877092195262, 73578633064172924, 73653427066785816, 73728259195265840, 73803129108825026, 73878037150140384, 73952983239104098, 74027967170865178, 74102989132665470, 74178049277008652, 74253147200183074, 74328283125119232, 74403457223864140, 74478669118458308, 74553919073772874, 74629207193019210, 74704533047625578, 74779896987725998, 74855299062731050, 74930738932184230, 75006216902418486, 75081732841334972, 75157286743402960, 75232878728967868, 75308508704532034, 75384176508675054, 75459882409901262, 75535626475507834, 75611408277572764, 75687228160792296, 75763086185902724, 75838982079146514, 75914915906140658, 75990887865208094};
/*
bool isPrime(int n)
{
	if(n==2)
	 return true;
	for(int i=2;i*i<=n;i++)
	 {
	 	if(n%i==0)
	 	  return false;
	 }
	 return true;
}

void sieve()
{
	primes.push_back(2);
	for(int i=3;i<30005;i+=2)
	 {
	 	if(isPrime(i))
	 	  primes.push_back(i);
	 }
}
*/

void sieve()
{
	for(int i=3;i<30005;i+=2)
	  primeTest[i]=true;
	primes.push_back(2);

	for(int i=3;i<30005;i+=2)
	 {
	 	if(!primeTest[i])
	 	  continue;
	 	primes.push_back(i);
	 	for(int j=i*i;j<30005;j+=2*i)
		  {primeTest[j]=false;
		  }
	 }
	
}

int phi(int n)
{int ans=n;
 for(int i=0;i<primes.size() && primes[i]*primes[i]<=n;i++) 
 {
 	if(n%primes[i]==0)
 	 {
 	 	ans-=ans/primes[i];
 	 	while(n%primes[i]==0)
 	 	  n/=primes[i];
	  }
 }
 if(n>1)
   ans-=ans/n;
return ans;
}
/*
void eulertot()
{ long long cf=0;
	cout<<"0, ";
	for(int i=1;i<=500000000;i++)
	 { //cout<<i<<" "<<phi(i)<<endl;
	 	cf+=phi(i);
	 	if(i%STEP==0)
	 	  {//cout<<i/STEP<<" "<<cf<<endl;
	 	  	cout<<cf<<", ";
	 	  	//etofCf.push_back(cf);
		   }
	 }
}
*/
int main()
{//freopen("out2.txt","w",stdout);
	sieve();
//	eulertot();
	int t,n,d;
	cin>>t;
	while(t--)
	{
		cin>>n>>d;
		int lmt=n/d;
		long long sum=SUM[lmt/STEP];
		for(int i= lmt - lmt%STEP + 1;i<=lmt;i++)
		 {
		 	sum+=phi(i);
		 //	cout<<i<<" "<<phi(i)<<endl;
		 }	
		cout<<sum<<endl;
		
	}
}